level 0                                    [1, 5, 2, 6, 3, 9, 10, 4, 8, 7]
                                        x=3      y=7    z=2     x+y+z=12
                                    [1, 2, 3, 5, 6]                     [4, 7, 8, 9, 10]
level 1                          [1, 5, 2, 6, 3]                     [9, 10, 4, 8, 7]
 
level 2                   [1, 5]             [2, 6, 3]          [9, 10]           [4, 8, 7]

level 3                [1]     [5]        [2]     [6, 3]      [9]      [10]    [4]        [8, 7]

level 4                [1]     [5]        [2]   [6]    [3]    [9]      [10]    [4]     [8]     [7]   



5 3 8 9 1       7 0 2 6 4
1 3 5 8 9       0 2 4 6 7
0 1 2 3 4 5 6 7 8 9